 1             100           .241848 
 2             200           1.580544 
 3             300           3.471955 
 4             400           5.037315 
 5             500           5.91538 
 6             600           6.667379 
 7             700           7.166118 
 8             800           7.42908 
 9             900           7.680864 
 10            1000          7.748792 
 11            1100          7.805666 
 12            1200          7.918317 
 13            1300          8.044518 
 14            1400          8.17072 
 15            1500          8.296922 
 16            1600          8.423122 
 17            1700          8.452881 
 18            1800          8.608765 
 19            1900          8.784905 
 20            2000          9.197447 
 21            2100          9.459077 
 22            2200          9.698881 
 23            2300          9.874949 
 24            2400          9.957274 
 25            2500          10.0639 
 26            2600          10.32421 
 27            2700          10.5609 
 28            2800          10.73189 
 29            2900          10.80267 
 30            3000          10.84917 
 31            3100          10.86828 
 32            3200          10.88422 
 33            3300          10.92572 
 34            3400          10.96856 
 35            3500          10.99437 
 36            3600          11.00846 
 37            3700          11.02543 
 38            3800          11.05605 
 39            3900          11.07141 
 40            4000          11.058 
 41            4100          11.05438 
 42            4200          11.09576 
 43            4300          11.15198 
 44            4400          11.21378 
 45            4500          11.28629 
 46            4600          11.48836 
 47            4700          11.71894 
 48            4800          11.72015 
