 306.3407 
 273.1454 
 382.4238 
 261.0779 
 277.0262 
 392.3374 
 295.355 
 269.2711 
 270.1285 
 272.9953 
 271.3991 
 268.4732 
 261.9852 
 254.7648 
 280.8939 
 301.4312 
 283.5373 
 266.9654 
 259.0355 
 249.7373 
 237.7984 
 317.4164 
 303.7944 
 309.9655 
 267.4045 
 268.2206 
 266.2668 
 259.1929 
 256.888 
 284.2924 
 287.4339 
 263.5595 
 259.564 
 261.9684 
 255.7882 
 231.5294 
 319.6243 
 302.415 
 242.6174 
 265.795 
 238.0866 
 251.8344 
 271.3902 
 243.0156 
 247.3117 
 265.3163 
 261.7801 
 258.1443 
 252.3311 
 261.6289 
 269.8875 
 272.8 
 269.5913 
 268.9778 
 274.7627 
 273.1149 
 269.5439 
 267.4718 
 260.0079 
 255.8332 
 252.8153 
 257.0953 
 239.8113 
 220.0067 
 257.7505 
 263.9334 
 287.7124 
 325.9544 
 325.5954 
 345.9648 
 322.4465 
 286.8459 
 278.6674 
 279.4438 
 281.4756 
 277.8916 
 329.2823 
 340.8665 
 361.0633 
 391.7629 
 345.4926 
 275.0208 
 250.0869 
 239.3229 
 249.2165 
 254.6437 
 257.0929 
 254.4735 
 258.6183 
 252.722 
 249.2923 
 262.9482 
 266.034 
 245.8829 
 230.1713 
 234.5048 
 306.4303 
 313.1394 
 315.7947 
 303.4781 
 273.6381 
 359.0565 
 293.7111 
 296.5416 
 331.967 
 335.5549 
 369.9523 
 316.5596 
 264.3292 
 302.8301 
 280.0999 
 330.434 
 353.7634 
 322.5828 
 345.9146 
 314.3146 
 324.9395 
 359.2986 
 334.9383 
 333.5119 
 323.7808 
 316.4543 
 331.4019 
 287.3225 
 300.9531 
 322.4087 
 259.9833 
 334.0777 
 307.0551 
 273.8063 
 261.0095 
 276.7159 
 278.8481 
 297.8194 
 334.3882 
 337.3541 
 239.006 
 296.2145 
 408.6113 
 284.3405 
 271.0957 
 314.9729 
 347.2481 
 316.9473 
 285.1171 
 292.394 
 284.4169 
 264.1949 
 264.6544 
 262.167 
 257.0634 
 249.5826 
 282.1287 
 347.163 
 312.373 
 304.5306 
 280.7879 
 338.2599 
 349.2587 
 300.6964 
 319.6876 
 331.3938 
 273.9617 
 304.3386 
 265.4147 
 279.228 
 268.1647 
 249.399 
 242.3715 
 291.7325 
 368.1344 
 314.2381 
 298.2393 
 283.2766 
 311.5349 
 321.2648 
 319.5337 
 287.9427 
 293.5283 
 306.0181 
 293.8774 
 347.5824 
 307.4595 
 302.3382 
 274.7918 
 355.99 
 362.0355 
 312.5841 
 291.9292 
 306.0621 
 311.6781 
 295.934 
 309.962 
 313.9219 
 281.4512 
 301.4744 
 289.9734 
 264.588 
 274.9912 
 263.2822 
 306.1771 
 298.9804 
 281.0566 
 277.8084 
 317.3243 
 318.1145 
 321.6445 
 349.1941 
 282.9567 
 302.2743 
 270.3097 
 295.4788 
 291.9196 
 263.9331 
 269.1072 
 268.8069 
 258.4937 
 250.8277 
 296.6264 
 265.1212 
 253.599 
 282.6995 
 261.7403 
 294.9127 
 318.4611 
 309.3341 
 273.7143 
 250.9295 
 303.3888 
 242.8192 
 334.1083 
 307.0285 
 268.5038 
 254.7613 
 282.6484 
 358.8088 
 384.0025 
 300.0444 
 256.3589 
 362.8241 
 295.9354 
 302.997 
 239.0842 
 329.8521 
 325.3853 
 256.3598 
 310.5201 
 352.2403 
 296.775 
 336.3014 
 319.1747 
 284.6686 
 323.5445 
 307.35 
 312.9296 
 313.5015 
 321.1836 
 320.1922 
 303.2417 
 258.729 
 263.1349 
 268.1488 
 300.1478 
 274.6991 
 315.2599 
 301.8053 
 273.1599 
 293.282 
 286.3841 
 294.6049 
 324.8769 
 319.536 
 280.3965 
 290.6067 
 293.9217 
 274.7181 
 313.6533 
 305.3538 
 318.7667 
 332.0876 
 321.5488 
 310.485 
 284.108 
 283.0533 
 299.1439 
 308.9879 
 289.6138 
 314.4586 
 322.4853 
 328.3986 
 314.2198 
 317.994 
 292.8346 
 317.7603 
 370.8564 
 301.4583 
 260.7512 
 279.0527 
 277.8741 
 296.2746 
 371.1698 
 318.5945 
 284.0317 
 280.9395 
 297.3259 
 289.7501 
 328.5737 
 371.9858 
 375.3148 
 387.7609 
 381.1406 
 304.7675 
 269.5273 
 267.4301 
 259.0102 
 246.5815 
 264.2662 
 270.1535 
 279.9356 
 258.4367 
 257.9039 
 263.7395 
 334.5175 
 384.818 
 366.1484 
 347.2343 
 320.6724 
 261.2935 
 248.2868 
 330.1465 
 388.9207 
 387.7262 
 320.2311 
 273.0591 
 300.66 
 360.6231 
 346.9438 
 366.4759 
 350.166 
 298.8788 
 262.9757 
 342.0541 
 360.0362 
 350.9965 
 350.8754 
 335.0231 
 325.8214 
 320.836 
 318.4857 
 337.5235 
 269.2823 
 245.4435 
 276.9888 
 280.4718 
 286.8141 
 329.1836 
 340.8619 
 352.2522 
 306.1277 
 273.0994 
 324.1966 
 267.6636 
 293.9121 
 339.5742 
 375.3703 
 392.4234 
 398.0795 
 302.8785 
 326.5466 
 375.8293 
 370.7399 
 357.4814 
 394.1053 
 383.3268 
 374.2846 
 384.9141 
 379.2403 
 316.1844 
 284.3058 
 319.285 
 301.1147 
 245.1057 
 234.8682 
 267.5428 
 272.0941 
 300.1404 
 271.8716 
 306.7458 
 296.7981 
 381.6271 
 405.3676 
 381.6862 
 279.5436 
 223.469 
 256.8983 
 345.1227 
 368.4693 
 324.9411 
 386.9373 
 376.7667 
 387.8253 
 395.8315 
 383.2169 
 380.4955 
 349.201 
 347.0646 
 384.3351 
 397.8808 
 351.6088 
 307.3554 
 294.7303 
 299.8144 
 370.9788 
 407.3854 
 418.9167 
 398.5637 
 386.0935 
 384.3877 
 382.0955 
 352.6389 
 368.5259 
 341.8392 
 329.3352 
 377.806 
 386.0141 
 366.4381 
 349.8612 
 327.0522 
 300.2035 
 266.5698 
 360.8868 
 363.3587 
 295.406 
 218.6668 
 322.2356 
 317.6626 
 271.9224 
 253.9965 
 272.3941 
 268.3837 
 265.2229 
 256.5949 
 250.3441 
 247.1093 
 253.998 
 256.2905 
 256.3301 
 247.5865 
 247.8795 
 234.8561 
 224.4844 
 306.0386 
 389.0369 
 380.5616 
 347.6877 
 332.0649 
 328.2598 
 335.484 
 343.4186 
 328.137 
 311.2096 
 317.0736 
 360.6528 
 353.2057 
 375.0654 
 374.0084 
 382.9423 
 390.5524 
 353.9516 
 238.1268 
 254.5268 
 255.6029 
 270.8327 
 310.8746 
 328.941 
 312.7165 
 315.8119 
 334.1454 
 319.2603 
 328.7643 
 333.0105 
 355.4205 
 309.9648 
 265.3475 
 285.5306 
 260.1638 
 283.5043 
 377.8994 
 377.242 
 368.1609 
 257.1835 
 275.0571 
 306.2878 
 328.7327 
 296.2991 
 333.5512 
 327.3211 
 251.731 
 245.8932 
 263.8697 
 257.6646 
 255.3848 
 326.8967 
 397.3812 
 402.6078 
 407.4777 
 350.9534 
 257.8016 
 257.5669 
 343.1155 
 404.9441 
 363.1113 
 317.0701 
 350.4393 
 356.5109 
 296.1507 
 301.4525 
 369.6417 
 335.188 
 341.3712 
 306.0267 
 263.6234 
 298.6678 
 355.0584 
 298.3553 
 282.8835 
 287.7772 
 269.2961 
 265.6317 
 295.5987 
 365.7173 
 331.115 
 336.3829 
 336.8473 
 326.4903 
 321.8215 
 303.3909 
 328.7127 
 332.2292 
 327.9896 
 330.8748 
 344.1669 
 365.6831 
 315.719 
 271.2322 
 264.3454 
 265.0842 
 241.3656 
 258.9723 
 263.6064 
 274.454 
 325.3536 
 366.472 
 364.9007 
 372.4142 
 394.0446 
 400.4179 
 378.3606 
 340.8507 
 318.5963 
 327.6331 
 329.1632 
 307.3732 
 313.0173 
 277.5534 
 262.5975 
 251.1008 
 248.7829 
 249.0736 
 246.9716 
 245.5505 
 246.3508 
 247.0008 
 255.1678 
 255.881 
 253.3198 
 265.952 
 252.7848 
 247.3856 
 243.3655 
 243.2516 
 241.3552 
 241.9716 
 245.8138 
 250.3352 
 249.9872 
 251.2735 
 252.635 
 250.5985 
 246.8078 
 248.1108 
 348.4982 
 374.9556 
 353.2718 
 332.2899 
 290.5868 
 259.7801 
 310.7102 
 283.8048 
 274.6078 
 269.3145 
 344.4632 
 330.0465 
 310.7388 
 405.1113 
 375.5058 
 340.7281 
 289.9376 
 250.7079 
 251.7431 
 243.5103 
 281.6546 
 337.0091 
 380.2567 
 366.4094 
 364.2385 
 343.8462 
 336.3059 
 321.3836 
 291.515 
 291.3156 
 299.3351 
 299.8156 
 298.2374 
 294.2598 
 282.1652 
 277.2297 
 277.0781 
 293.219 
 313.0678 
 308.9556 
 309.198 
 296.7499 
 287.5443 
 315.1572 
 297.7578 
 292.4085 
 324.4761 
 328.4374 
 323.4882 
 341.7495 
 328.545 
 303.9645 
 284.131 
 289.3548 
 295.7784 
 311.5639 
 317.1736 
 307.6253 
 287.3753 
 273.4778 
 289.8934 
 299.2682 
 304.3528 
 293.7296 
 276.6688 
 283.9588 
 285.295 
 319.2257 
 300.3205 
 240.5351 
 253.4695 
 327.8316 
 320.1876 
 290.3983 
 365.3886 
 344.7239 
 324.9722 
 291.2752 
 276.0184 
 319.0265 
 320.8873 
 300.0606 
 292.6425 
 306.0268 
 344.4332 
 344.4417 
 321.7886 
 299.1913 
 303.5155 
 298.1889 
 307.5613 
 281.0723 
 280.1489 
 275.8434 
 264.1346 
 250.6131 
 253.1801 
 248.707 
 242.2458 
 245.5103 
 247.3397 
 244.2929 
 240.363 
 248.4436 
 248.8409 
 245.476 
 241.0211 
 239.2346 
 237.6143 
 237.0904 
 240.8545 
 248.2459 
 249.892 
 242.3208 
 240.7774 
 243.3296 
 237.5317 
 238.1162 
 290.4926 
 306.4209 
 283.7238 
 301.542 
 312.9892 
 323.2985 
 298.4905 
 273.4675 
 257.8507 
 260.4912 
 271.6701 
 294.138 
 306.4034 
 281.298 
 276.2224 
 256.8857 
 245.7627 
 285.0388 
 302.1972 
 278.0583 
 270.9605 
 293.4445 
 303.3379 
 294.8864 
 283.9997 
 267.2039 
 267.8833 
 258.4433 
 255.5946 
 277.174 
 288.5361 
 299.7364 
 299.1465 
 298.4088 
 299.1021 
 295.175 
 303.736 
 302.4367 
 292.1802 
 295.013 
 302.5181 
 305.8586 
 309.5431 
 278.5951 
 240.2876 
 281.2391 
 303.0736 
 299.4647 
 337.9984 
 360.4631 
 371.4358 
 357.824 
 330.9091 
 343.5823 
 306.3921 
 274.4503 
 236.677 
 239.5468 
 244.7231 
 244.6352 
 247.0383 
 247.407 
 244.7492 
 246.1344 
 248.7259 
 246.8078 
 262.0917 
 266.4471 
 255.985 
 251.5339 
 249.676 
 242.2093 
 276.2758 
 325.3008 
 355.4812 
 314.084 
 270.8643 
 256.2783 
 331.3494 
 315.0313 
 259.9555 
 224.6006 
 242.9384 
 313.7501 
 277.3701 
 238.5381 
 274.0245 
 407.5432 
 389.3928 
 374.8396 
 346.5744 
 318.3172 
 299.9157 
 292.3333 
 250.1849 
 232.7956 
 243.4321 
 247.6271 
 249.1354 
 272.4775 
 270.3463 
 306.7451 
 282.6602 
 245.8437 
 275.8695 
 266.1295 
 260.2555 
 257.3167 
 242.1494 
 252.0098 
 256.0569 
 261.2546 
 274.7926 
 261.4487 
 270.6313 
 277.0937 
 252.7484 
 247.408 
 282.5559 
 363.1995 
 376.5166 
 375.6871 
 357.4073 
 342.4937 
 335.1742 
 325.9125 
 280.3428 
 244.4414 
 246.2517 
 259.7519 
 288.6884 
 278.8928 
 260.318 
 238.95 
 232.8512 
 233.3107 
 235.4337 
 232.3535 
 237.5131 
 236.2977 
 232.1069 
 228.8356 
 238.3194 
 236.7359 
 231.0288 
 234.4677 
 233.9389 
 233.0292 
 232.1335 
 230.6769 
 228.2434 
 235.3557 
 252.2307 
 267.1869 
 274.7949 
 281.8328 
 266.4499 
 250.2451 
 239.8975 
 236.0747 
 233.2813 
 225.7104 
 227.2449 
 232.8409 
 234.5835 
 235.6354 
 235.9621 
 235.7288 
 234.0652 
 230.5891 
 227.741 
 232.6767 
 227.6728 
 241.6873 
 280.8639 
 274.9507 
 273.0903 
 268.2241 
 255.1416 
 245.0803 
 244.3557 
 234.152 
 229.3722 
 241.9069 
 250.5344 
 240.637 
 231.0244 
 226.7304 
 226.5314 
 225.3057 
 226.0439 
 224.3992 
 224.1696 
 224.2778 
 223.4841 
 221.7331 
 219.6812 
 219.4475 
 226.8169 
 264.6294 
 272.6414 
 256.1543 
 250.6659 
 255.0146 
 260.5264 
 262.1995 
 250.4242 
 221.8149 
 243.0828 
 251.3477 
 244.9756 
 251.4849 
 266.5927 
 258.7568 
 248.17 
 252.3287 
 255.7911 
 255.1885 
 236.2986 
 242.6699 
 248.3489 
 265.9009 
 251.6149 
 252.8631 
 245.5885 
 252.6315 
 254.733 
 250.6806 
 246.4752 
 257.7776 
 254.5839 
 252.6736 
 262.6693 
 232.1242 
 214.7612 
 247.6607 
 272.6389 
 258.3252 
 243.2767 
 235.6609 
 250.9494 
 258.1936 
 256.2439 
 259.4037 
 249.2401 
 246.232 
 233.9993 
 235.2391 
 246.3203 
 251.2907 
 252.2244 
 256.4771 
 260.2502 
 259.2251 
 247.5031 
 239.2093 
 228.6449 
 248.7198 
 235.7159 
 210.8047 
 239.0272 
 240.5989 
 229.9619 
 241.5056 
 252.6785 
 238.7581 
 236.4834 
 255.7934 
 250.6711 
 244.9339 
 238.9906 
 223.1696 
 219.3971 
 256.0286 
 241.6929 
 238.8707 
 239.6807 
 235.0977 
 233.1972 
 236.2485 
 235.5092 
 227.6955 
 231.5187 
 229.5464 
 232.6324 
 228.0464 
 227.2974 
 240.068 
 231.0696 
 253.4689 
 225.4898 
 220.4605 
 240.8809 
 227.619 
 231.78 
 227.0209 
 240.7836 
 241.7984 
 233.465 
 257.8261 
 301.2159 
 277.1761 
 227.3138 
 226.9193 
 260.8655 
 244.1112 
 258.3083 
 261.6156 
 262.4686 
 247.6874 
 251.8338 
 254.8415 
 235.3312 
 232.4425 
 240.483 
 229.9683 
 234.8004 
 232.3849 
 254.447 
 241.7465 
 249.1837 
 246.5155 
 258.3101 
 262.8569 
 246.5582 
 240.1727 
 250.2621 
 244.9359 
 219.954 
 250.4778 
 241.6432 
 238.0591 
 234.1265 
 252.3241 
 240.7317 
 242.6343 
 244.9077 
 249.7665 
 242.3951 
 243.8481 
 248.5016 
 240.9659 
 254.7075 
 244.6239 
 235.884 
 261.3663 
 258.3874 
 233.8246 
 214.1809 
 244.9962 
 263.1916 
 237.7457 
 229.0462 
 228.125 
 223.4232 
 262.9445 
 248.708 
 241.1331 
 238.0101 
 254.6406 
 241.0457 
 233.309 
 223.0285 
 217.7714 
 240.8437 
 236.9608 
 225.266 
 218.3816 
 245.3376 
 224.5343 
 228.9203 
 217.9652 
 214.7224 
 214.4353 
 227.0976 
 253.3139 
 253.7273 
 251.8828 
 248.4083 
 245.2548 
 254.4693 
 264.6938 
 253.8804 
 222.9234 
 268.6493 
 263.5712 
 244.8205 
 236.7933 
 244.6964 
 256.0898 
 251.2593 
 232.2127 
 201.8611 
 250.7103 
 257.7611 
 249.1552 
 248.8349 
 258.5512 
 265.7147 
 258.8738 
 212.7906 
 218.7509 
 245.3963 
 249.5899 
 237.9658 
 221.0906 
 226.6243 
 244.6199 
 251.7607 
 257.8892 
 217.8868 
 236.5602 
 247.9797 
 228.5284 
 232.3019 
 242.458 
 248.3981 
 225.4565 
 234.5871 
 253.2647 
 255.3786 
 243.3134 
 245.2473 
 251.9346 
 255.0728 
 259.331 
 246.5608 
 238.062 
 231.142 
 235.9379 
 247.1118 
 249.3645 
 250.6405 
 250.7645 
 250.6821 
 259.0655 
 261.0258 
 250.3979 
 233.8194 
 247.5929 
 232.9638 
 239.3591 
 241.734 
 230.3 
 213.3922 
 214.3587 
 212.5956 
 217.1835 
 222.9846 
 225.8776 
 260.2491 
 246.0156 
 257.6891 
 242.5991 
 220.8209 
 213.4069 
 234.1917 
 254.7234 
 258.6779 
 248.0261 
 239.9922 
 237.4848 
 254.2674 
 263.6986 
 239.4556 
 212.2334 
 213.6678 
 230.9192 
 227.0547 
 240.1167 
 237.999 
 244.3028 
 241.9954 
 243.9483 
 246.6727 
 236.787 
 236.4951 
 249.6479 
 237.0423 
 232.3978 
 233.1651 
 234.9565 
 240.4415 
 230.8395 
 237.7501 
 258.3907 
 233.946 
 221.004 
 241.2584 
 233.4957 
 221.6403 
 244.048 
 253.8916 
 246.0107 
 237.7281 
 247.9232 
 217.1555 
 206.976 
 235.3831 
 245.9023 
 250.9251 
 251.3379 
 240.4703 
 230.4201 
 248.0914 
 249.5746 
 229.2779 
 218.8083 
 244.3123 
 250.2741 
 229.0703 
 239.3225 
 253.2315 
 249.7787 
 232.3072 
 222.317 
 219.1464 
 235.7807 
 242.206 
 239.509 
 222.8248 
 242.6864 
 231.8753 
 245.246 
 234.99 
 228.5337 
 269.2436 
 286.2956 
 270.5697 
 242.1284 
 233.2811 
 218.8169 
 232.2083 
 233.1508 
 226.6741 
 217.3671 
 244.6509 
 240.3384 
 246.6692 
 229.6665 
 247.3399 
 250.7208 
 237.652 
 223.8846 
 224.4032 
 239.5458 
 241.838 
 232.0726 
 225.3463 
 242.3268 
 245.8354 
 225.7572 
 228.9115 
 228.7444 
 230.5039 
 230.1065 
 233.2376 
 226.2174 
 222.1309 
 223.3545 
 228.9132 
 229.1807 
 229.6669 
 237.0295 
 237.259 
 220.423 
 230.2351 
 223.8741 
 239.8694 
 242.9431 
 247.6091 
 241.45 
 248.2892 
 244.2856 
 241.1516 
 228.6857 
 233.5664 
 226.1346 
 219.9675 
 215.7632 
 209.2966 
 214.1933 
 220.6398 
 226.2369 
 246.6604 
 249.3564 
 244.2865 
 251.5727 
 239.1314 
 229.9577 
 246.0463 
 248.2295 
 238.1897 
 217.5658 
 206.0194 
 203.8904 
 209.5027 
 220.904 
 235.5471 
 242.7345 
 216.861 
 197.1384 
 209.3146 
 239.4856 
 225.6655 
 215.4957 
 234.0869 
 233.0259 
 233.7313 
 222.0943 
 223.0803 
 235.2484 
 242.983 
 238.1886 
 240.0648 
 240.3207 
 231.5448 
 243.3819 
 252.5813 
 258.3171 
 249.5931 
 234.8081 
 242.4002 
 257.9915 
 233.1028 
 222.4759 
 230.8113 
 234.3287 
 231.1434 
 226.9205 
 218.5545 
 242.0378 
 239.0341 
 239.0992 
 240.7062 
 242.5478 
 232.6138 
 201.7311 
 233.1865 
 242.7332 
 243.2398 
 233.4217 
 237.8503 
 236.5179 
 236.5734 
 236.8226 
 233.6759 
 221.4606 
 210.034 
 207.2211 
 207.9061 
 211.4378 
 214.7392 
 210.8473 
 217.9552 
 235.5728 
 239.4654 
 220.0945 
 212.3594 
 234.6849 
 231.0069 
 232.7176 
 232.0838 
 221.1975 
 201.6569 
 229.7463 
 233.3724 
 225.1703 
 226.7041 
 215.6 
 226.3498 
 243.925 
 251.5114 
 202.7789 
 219.6519 
 208.4476 
 210.0872 
 243.8064 
 231.4786 
 243.2657 
 239.7174 
 236.0126 
 231.6221 
 231.8537 
 237.6538 
 239.0818 
 229.1613 
 207.8945 
 203.2445 
 243.1642 
 241.0797 
 241.4001 
 251.7591 
 249.3033 
 238.8352 
 232.9003 
 250.9815 
 236.876 
 222.5685 
 247.125 
 243.8967 
 252.3359 
 236.3182 
 227.4382 
 205.8519 
 221.2219 
 213.4158 
 225.8429 
 235.8645 
 222.1188 
 207.7773 
 213.5792 
 223.5409 
 220.7907 
 216.0988 
 225.3739 
 234.9648 
 246.1467 
 226.3924 
 201.3156 
 220.6988 
 220.3264 
 206.495 
 205.0983 
 205.1668 
 216.6602 
 237.336 
 252.2843 
 248.4744 
 228.6339 
 212.5637 
 210.5862 
 207.4262 
 211.607 
 206.9845 
 204.9957 
 210.2024 
 254.642 
 251.5396 
 232.4514 
 250.1474 
 256.0539 
 244.8172 
 231.3476 
 214.0212 
 224.2948 
 249.0902 
 240.8849 
 236.4077 
 247.488 
 251.2243 
 241.3894 
 241.4222 
 234.805 
 238.4019 
 239.8992 
 237.1414 
 200.8457 
 199.5772 
 208.8532 
 204.4698 
 223.0636 
 257.2589 
 249.4421 
 240.8097 
 237.1208 
 238.2149 
 244.0569 
 241.0463 
 210.404 
 233.6635 
 239.6737 
 238.8609 
 245.4295 
 254.3792 
 235.3774 
 240.862 
 233.1339 
 229.8447 
 236.8924 
 216.8492 
 233.8798 
 242.9209 
 242.4022 
 235.2883 
 234.7596 
 239.0992 
 238.3807 
 235.523 
 239.7528 
 252.8149 
 236.0943 
 212.5828 
 205.9124 
 208.3515 
 209.8043 
 209.1312 
 209.1113 
 209.5973 
 210.0833 
 210.5693 
 208.758 
 201.7064 
 225.8917 
 277.2028 
 263.8507 
 226.3065 
 213.8904 
 239.2387 
 233.9765 
 229.5379 
 211.3411 
 222.7565 
 215.1818 
 237.0561 
 239.2853 
 248.6072 
 228.0986 
 226.5462 
 223.9337 
 222.4153 
 232.9668 
 226.7658 
 206.6924 
 214.3546 
 214.1564 
 206.997 
 209.0803 
 207.9155 
 208.4961 
 238.9275 
 257.9508 
 242.6976 
 247.8962 
 239.0652 
 234.098 
 224.7787 
 218.5305 
 218.2431 
 220.1623 
 215.833 
 219.151 
 216.2301 
 213.838 
 218.6166 
 220.767 
 215.8985 
 212.2054 
 222.7778 
 233.4584 
 212.5901 
 206.6474 
 217.0749 
 230.4217 
 223.5488 
 206.6416 
 208.1754 
 230.8744 
 243.8497 
 238.3593 
 229.31 
 244.8605 
 251.2323 
 251.8201 
 258.7552 
 262.8191 
 261.9864 
 259.891 
 250.2937 
 240.5728 
 239.0552 
 238.976 
 240.5726 
 239.8854 
 230.648 
 220.1493 
 224.4633 
 236.2537 
 238.9343 
 253.2128 
 246.1199 
 234.8902 
 227.4957 
 258.8476 
 288.6012 
 305.8399 
 286.2601 
 231.5292 
 226.7272 
 230.9447 
 215.1983 
 202.1479 
 218.3278 
 209.4776 
 205.2442 
 207.8221 
 211.9445 
 204.4977 
 208.5521 
 209.2215 
 205.2056 
 209.875 
 239.9724 
 249.5026 
 248.2837 
 237.4235 
 235.9528 
 245.581 
 263.8064 
 251.4896 
 232.451 
 217.8424 
 209.0208 
 222.497 
 215.79 
 207.6718 
 208.6446 
 204.7633 
 210.5881 
 207.5499 
 209.4178 
 206.4423 
 204.8064 
 204.1491 
 203.1464 
 202.4885 
 203.0315 
 203.6751 
 203.5071 
 202.2922 
 201.3683 
 200.3466 
 206.2051 
 271.5389 
 240.5118 
 241.3897 
 233.4137 
 221.9166 
 234.1776 
 240.3296 
 243.1137 
 233.825 
 209.7282 
 221.6419 
 241.3974 
 242.8114 
 234.7491 
 232.5275 
 212.1529 
 199.1526 
 200.7101 
 206.3742 
 212.817 
 207.0884 
 204.5373 
 204.7687 
 205.5289 
 209.8694 
 224.4805 
 231.5643 
 226.2152 
 262.7372 
 297.8716 
 266.3031 
 235.4929 
 232.9227 
 238.4386 
 237.7551 
 229.4036 
 202.2928 
 210.862 
 212.6086 
 208.2589 
 200.7139 
 200.1094 
 200.2218 
 200.799 
 201.4276 
 202.2847 
 203.5855 
 205.9865 
 208.3109 
 210.7991 
 211.8482 
 209.7832 
 205.6578 
 205.1706 
 212.152 
 221.5881 
 219.5898 
 231.3418 
 237.8941 
 239.8245 
 237.2607 
 238.6769 
 243.0057 
 241.7911 
 232.1813 
 235.6319 
 220.1193 
 220.0428 
 230.5881 
 231.0674 
 234.0814 
 248.2209 
 244.1406 
 237.3453 
 236.0903 
 239.1662 
 220.5951 
 204.4503 
 214.96 
 247.7646 
 263.0641 
 260.9113 
 261.6945 
 301.8376 
 308.604 
 285.5083 
 224.5085 
 235.0394 
 229.9983 
 216.2503 
 227.0733 
 214.2972 
 213.377 
 254.6926 
 267.8918 
 269.246 
 269.2458 
 242.3953 
 234.6681 
 227.987 
 239.6639 
 272.5108 
 256.2162 
 229.6112 
 228.4086 
 230.8696 
 245.1611 
 255.4307 
 268.1146 
 266.1699 
 235.3394 
 232.4833 
 219.898 
 237.5936 
 239.28 
 245.6631 
 237.73 
 221.2162 
 202.3948 
 269.8452 
 259.3023 
 235.3319 
 212.7164 
 198.5662 
 201.8815 
 202.0318 
 229.4561 
 236.2882 
 229.392 
 227.3846 
 216.9751 
 226.7431 
 228.9907 
 229.1581 
 239.0412 
 231.2609 
 241.8544 
 240.2533 
 233.7195 
 222.5464 
 201.6945 
 215.8151 
 249.555 
 244.1537 
 222.2714 
 237.1657 
 234.6688 
 230.6303 
 211.0256 
 208.1496 
 196.5596 
 228.6844 
 234.0295 
 234.9939 
 233.2363 
 222.1978 
 205.7553 
 205.1543 
 207.4908 
 202.5128 
 198.8033 
 205.7743 
 227.3497 
 227.1846 
 213.2184 
 228.806 
 206.3492 
 227.0662 
 237.2511 
 234.5555 
 237.4897 
 239.1569 
 240.8154 
 232.2105 
 219.4567 
 219.3048 
 223.2486 
 220.7584 
 213.0612 
 203.2319 
 205.2591 
 216.4948 
 207.2506 
 203.5731 
 204.0957 
 205.1038 
 206.9046 
 208.9007 
 203.0187 
 201.3423 
 200.6855 
 213.014 
 245.563 
 246.4535 
 247.0379 
 245.1415 
 248.77 
 237.7403 
 201.4589 
 202.7829 
 225.1008 
 226.865 
 220.2104 
 236.0601 
 248.8038 
 232.5134 
 227.6909 
 246.9814 
 238.4877 
 231.5509 
 228.6547 
 248.4034 
 269.4019 
 244.193 
 239.2033 
 252.1462 
 234.8966 
 251.2038 
 239.4129 
 229.4628 
 223.7584 
 225.4093 
 227.3236 
 213.2711 
 212.9172 
 202.6906 
 203.7592 
 202.9673 
 217.1521 
 252.1866 
 237.1068 
 205.2224 
 216.1816 
 276.9125 
 243.2028 
 236.3954 
 232.2563 
 228.2216 
 222.9054 
 218.2932 
 212.1077 
 217.579 
 208.1153 
 202.9455 
 208.2201 
 209.1373 
 209.774 
 207.0541 
 205.2841 
 259.6712 
 262.1068 
 242.7271 
 228.4793 
 203.9928 
 227.7261 
 249.2919 
 239.1053 
 240.7173 
 244.0822 
 242.6461 
 240.1986 
 245.478 
 271.9922 
 237.481 
 232.0903 
 237.3087 
 235.7776 
 229.6229 
 216.8863 
 209.2698 
 199.2793 
 201.4799 
 209.8488 
 200.7855 
 197.4976 
 189.7548 
 242.9147 
 276.1858 
 228.1467 
 236.9113 
 230.143 
 220.6071 
 226.6191 
 228.6218 
 233.7053 
 230.7046 
 253.4055 
 235.7076 
 230.7773 
 226.3806 
 211.6155 
 200.5588 
 201.7531 
 201.5114 
 226.349 
 232.6003 
 210.5957 
 230.7878 
 224.4778 
 240.6196 
 249.7049 
 248.5211 
 235.4635 
 229.2944 
 211.6684 
 200.4467 
 198.7184 
 203.6099 
 211.3889 
 205.5226 
 203.2573 
 203.356 
 206.3452 
 212.208 
 207.2088 
 231.9661 
 247.4974 
 232.619 
 214.8573 
 223.9469 
 228.8122 
 226.1852 
 223.3253 
 219.862 
 219.1217 
 212.483 
 208.4016 
 215.3929 
 216.0611 
 208.4801 
 210.1372 
 224.6123 
 214.1799 
 219.6315 
 233.621 
 233.6518 
 230.7448 
 222.4497 
 215.4898 
 217.1876 
 226.7755 
 232.8579 
 234.4892 
 243.7646 
 232.8986 
 224.1518 
 222.9183 
 222.9369 
 225.8539 
 228.4876 
 224.3088 
 218.7048 
 212.8614 
 208.7298 
 209.6064 
 209.1684 
 205.2659 
 197.9382 
 192.348 
 205.2671 
 202.1493 
 198.2585 
 199.5074 
 198.6472 
 227.6657 
 232.9233 
 220.772 
 219.927 
 212.5267 
 199.4003 
 204.8333 
 215.3864 
 205.5209 
 205.2742 
 199.2103 
 195.5526 
 194.7609 
 200.4145 
 214.1165 
 217.87 
 204.7225 
 198.3567 
 204.4152 
 202.4485 
 214.2803 
 237.5922 
 244.6262 
 232.787 
 223.08 
 238.8818 
 241.4085 
 241.8701 
 239.7496 
 229.4106 
 219.724 
 220.2406 
 229.1368 
 211.6394 
 199.1858 
 196.5116 
 198.6703 
 202.2127 
 201.2969 
 197.8434 
 201.8647 
 205.0795 
 205.132 
 205.0937 
 204.0161 
 203.4302 
 202.0143 
 199.3933 
 199.5647 
 202.8031 
 203.665 
 202.3922 
 199.8455 
 198.4096 
 202.6364 
 202.1191 
 214.4977 
 227.4311 
 219.954 
 233.4811 
 219.3432 
 217.665 
 234.3128 
 238.5609 
 237.3433 
 231.1844 
 227.0507 
 220.5281 
 219.4149 
 209.4494 
 207.5551 
 204.8224 
 193.3319 
 192.9225 
 197.4617 
 199.356 
 202.9717 
 227.8993 
 237.916 
 236.3455 
 240.0109 
 246.7764 
 245.793 
 237.9434 
 223.8257 
 211.8327 
 207.5363 
 209.4243 
 208.5015 
 205.1555 
 199.7149 
 194.3689 
 197.7784 
 199.4612 
 199.5515 
 196.3801 
 196.3999 
 197.7014 
 196.2401 
 200.8904 
 211.9211 
 221.1776 
 219.6859 
 205.553 
 203.0724 
 203.0856 
 213.1382 
 241.5119 
 237.1619 
 216.3555 
 206.4215 
 198.8033 
 196.8327 
 197.8094 
 197.8573 
 196.4832 
 195.9049 
 197.0179 
 200.6586 
 201.7526 
 205.7987 
 210.354 
 202.5699 
 202.3722 
 201.0746 
 200.0126 
 209.0078 
 214.4752 
 203.2462 
 196.0482 
 207.1471 
 215.4301 
 209.6287 
 214.7342 
 216.7833 
 219.2525 
 226.7905 
 223.2406 
 213.7186 
 217.2533 
 213.4511 
 216.9235 
 218.8047 
 212.5477 
 211.2758 
 217.7041 
 213.2404 
 201.8638 
 199.8844 
 194.865 
 198.5539 
 221.0918 
 217.7601 
 218.7802 
 213.0649 
 199.8923 
 192.9977 
 196.0707 
 201.578 
 202.414 
 200.9859 
 199.7511 
 207.9236 
 197.551 
 192.2454 
 190.207 
 196.0618 
 198.3881 
 208.3343 
 233.6696 
 227.4827 
 219.1546 
 204.0376 
 190.3968 
 212.9904 
 210.1548 
 207.4757 
 206.0859 
 225.5634 
 221.9921 
 238.8024 
 236.5334 
 216.8387 
 202.4666 
 195.1747 
 196.2484 
 197.304 
 203.7674 
 203.5276 
 195.8144 
 202.5002 
 205.2846 
 205.23 
 194.9527 
 192.1302 
 193.6171 
 193.8693 
 193.1223 
 192.2564 
 191.5341 
 191.4247 
 192.7412 
 194.1226 
 194.1846 
 198.1635 
 214.8159 
 217.5238 
 207.8935 
 207.4781 
 208.9887 
 200.2028 
 194.2682 
 191.0093 
 192.7515 
 211.6597 
 213.9282 
 208.5032 
 225.1329 
 235.6128 
 219.3604 
 212.1269 
 210.5491 
 211.3298 
 211.2883 
 221.059 
 220.5047 
 212.0518 
 203.6772 
 204.5477 
 204.281 
 204.6505 
 201.9614 
 200.2056 
 200.468 
 206.0975 
 194.7602 
 194.5402 
 203.5592 
 199.8356 
 190.7386 
 190.7634 
 195.8501 
 199.0486 
 200.0082 
 197.2289 
 201.9986 
 213.2833 
 211.4167 
 208.6064 
 223.3056 
 212.4393 
 206.9713 
 198.6777 
 195.9842 
 208.3056 
 212.6662 
 219.3101 
 218.4529 
 212.9869 
 214.4679 
 209.3747 
 199.923 
 194.5984 
 191.5567 
 190.2174 
 191.1217 
 192.2197 
 192.0901 
 190.8641 
 193.1957 
 207.8024 
 203.4777 
 204.7705 
 209.7465 
 208.8133 
 210.4775 
 217.4951 
 214.6582 
 200.0505 
 185.7048 
 184.3289 
 192.3869 
 199.0998 
 205.8785 
 206.8034 
 200.286 
 202.5876 
 202.2211 
 202.0049 
 202.5126 
 203.9013 
 204.2097 
 201.6129 
 198.8576 
 200.0962 
 197.0688 
 219.0797 
 203.656 
 188.5644 
 204.036 
 204.1245 
 209.0523 
 207.5072 
 203.0403 
 207.4701 
 213.758 
 208.5728 
 199.1445 
 201.8726 
 203.3669 
 210.9666 
 208.9167 
 191.0673 
 199.6836 
 206.3851 
 208.2577 
 210.7168 
 214.1293 
 206.1975 
 195.1878 
 188.0971 
 210.6988 
 236.9418 
 223.5382 
 227.6042 
 263.2789 
 199.8279 
 209.7857 
 204.7157 
 198.4905 
 188.8252 
 205.421 
 208.2134 
 199.6907 
 197.4566 
 193.9487 
 195.273 
 196.6417 
 196.478 
 195.5466 
 196.356 
 208.5221 
 211.5731 
 215.6904 
 213.4075 
 208.3668 
 209.3708 
 211.4022 
 212.2371 
 210.8524 
 215.4349 
 213.6128 
 215.3004 
 208.586 
 210.0255 
 210.3356 
 221.1529 
 225.758 
 211.4761 
 209.8011 
 194.6858 
 197.3407 
 210.5453 
 210.1218 
 196.9889 
 193.3091 
 195.7319 
 198.549 
 198.0492 
 203.3857 
 206.0596 
 201.945 
 208.4503 
 208.5961 
 203.9119 
 205.1926 
 214.7691 
 201.2351 
 209.0791 
 211.4446 
 212.1993 
 202.734 
 213.1337 
 212.3691 
 200.9684 
 208.214 
 198.1385 
 199.298 
 221.371 
 214.0099 
 221.7397 
 212.2654 
 219.012 
 207.5443 
 209.2771 
 221.1339 
 214.8622 
 214.2579 
 213.2551 
 212.1113 
 210.5287 
 204.5027 
 198.9101 
 192.8643 
 190.9667 
 192.7636 
 204.0079 
 216.7821 
 211.6688 
 209.2445 
 203.2545 
 208.9213 
 204.4635 
 192.6354 
 196.3453 
 191.0966 
 196.1342 
 218.5188 
 218.7305 
 216.3961 
 225.939 
 238.4822 
 228.1625 
 218.4176 
 225.9522 
 222.2819 
 214.1287 
 218.1188 
 217.8114 
 223.5709 
 225.2895 
 214.6612 
 202.4577 
 209.3173 
 204.7324 
 197.077 
 192.688 
 207.798 
 215.7205 
 219.825 
 218.5521 
 214.5213 
 215.5769 
 219.2447 
 221.9545 
 221.3742 
 216.267 
 203.1394 
 206.7997 
 200.1153 
 195.989 
 197.9374 
 193.8263 
 188.3923 
 190.2995 
 197.2921 
 204.0119 
 206.6828 
 221.1868 
 228.4078 
 213.8053 
 215.1814 
 207.3584 
 188.9907 
 196.5441 
 217.4123 
 208.0603 
 189.7634 
 188.1417 
 190.4356 
 192.1902 
 192.4329 
 194.1 
 206.7053 
 219.4488 
 215.9419 
 215.4163 
 220.0329 
 207.9276 
 188.3299 
 187.6893 
 197.329 
 224.273 
 226.7871 
 212.2335 
 214.9631 
 213.3246 
 206.7079 
 224.4636 
 230.876 
 208.5003 
 208.0615 
 213.39 
 190.7755 
 189.7002 
 190.1952 
 191.7499 
 194.0235 
 196.1367 
 205.6681 
 215.4157 
 214.2446 
 206.7262 
 202.7987 
 212.88 
 217.3955 
 216.6319 
 214.6281 
 212.8033 
 216.6951 
 212.8398 
 208.2358 
 200.3069 
 188.7552 
 214.2833 
 211.1342 
 213.0456 
 216.0189 
 206.1994 
 192.9099 
 192.3327 
 204.2235 
 212.6191 
 213.0928 
 231.0143 
 230.466 
 217.8906 
 216.1738 
 214.306 
 219.811 
 221.8024 
 219.895 
 216.1508 
 206.9158 
 205.9836 
 213.2316 
 215.3201 
 207.7425 
 211.4289 
 217.8544 
 207.6718 
 199.2027 
 195.9908 
 191.4479 
 191.6285 
 196.0813 
 203.4098 
 206.0074 
 197.2363 
 186.3206 
 188.3421 
 191.5565 
 191.5339 
 192.6938 
 207.3859 
 219.8024 
 218.4602 
 217.1714 
 208.3468 
 207.3784 
 192.1649 
 203.5379 
 210.9635 
 213.6813 
 213.2122 
 217.9232 
 218.0107 
 215.7416 
 211.9225 
 207.661 
 210.0077 
 211.4106 
 203.6055 
 206.7729 
 209.1182 
 213.3666 
 213.1407 
 218.2982 
 220.7276 
 214.4161 
 202.4731 
 208.3397 
 204.2146 
 194.8789 
 188.2146 
 188.5036 
 187.9955 
 186.6337 
 186.5435 
 190.0498 
 209.4645 
 217.0268 
 215.7032 
 210.0205 
 205.0477 
 210.3155 
 205.4898 
 192.9607 
 192.02 
 198.6207 
 212.5987 
 215.2011 
 215.9404 
 213.2393 
 218.3665 
 218.34 
 212.425 
 214.8924 
 212.8022 
 218.5548 
 231.9807 
 231.3165 
 221.8518 
 233.3405 
 237.2277 
 197.2253 
 202.5795 
 201.8085 
 191.4293 
 207.1343 
 206.7101 
 214.6793 
 216.8324 
 199.7218 
 220.1823 
 227.9819 
 228.4745 
 230.8897 
 227.8535 
 216.0659 
 206.2398 
 227.7991 
 233.427 
 234.1834 
 218.8 
 202.4964 
 212.1989 
 198.3958 
 200.9773 
 196.0291 
 213.8769 
 217.6702 
 194.7811 
 199.8472 
 213.23 
 209.8117 
 197.4806 
 204.9587 
 215.8477 
 218.0263 
 222.2717 
 222.5471 
 218.3616 
 221.5864 
 221.835 
 192.7388 
 208.4388 
 228.6191 
 203.5496 
 204.1137 
 218.964 
 224.346 
 191.4266 
 192.3744 
 199.8237 
 203.6423 
 202.282 
 216.0865 
 228.7322 
 220.113 
 215.1515 
 210.4633 
 209.0617 
 221.3073 
 227.5379 
 224.9271 
 223.3669 
 214.7084 
 185.2281 
 187.2461 
 205.5988 
 223.6319 
 220.5022 
 218.0672 
 203.7977 
 214.8643 
 219.6284 
 210.6583 
 213.5029 
 218.2943 
 215.4319 
 213.6885 
 207.7495 
 214.9554 
 223.9488 
 231.7658 
 233.3417 
 217.5286 
 202.3986 
 198.3963 
 206.934 
 210.6325 
 211.6994 
 213.7867 
 207.7126 
 204.4102 
 208.1985 
 215.2536 
 224.2753 
 221.2242 
 198.0771 
 194.1875 
 208.619 
 215.52 
 216.442 
 210.4134 
 211.7085 
 200.3487 
 196.22 
 199.6527 
 193.0536 
 205.2006 
 206.5835 
 194.9169 
 196.6326 
 205.5418 
 206.752 
 197.0876 
 216.2462 
 221.4258 
 202.5431 
 199.91 
 208.0171 
 210.2615 
 202.4225 
 209.5912 
 214.6846 
 214.724 
 205.4941 
 196.858 
 207.8739 
 205.2663 
 195.513 
 188.6616 
 193.742 
 196.2972 
 200.1038 
 200.292 
 207.5239 
 212.1225 
 217.0712 
 214.1791 
 211.7825 
 209.188 
 212.7098 
 216.6738 
 215.2683 
 205.2842 
 197.0688 
 193.1331 
 195.9886 
 200.6354 
 208.5359 
 213.3467 
 198.4713 
 204.2599 
 200.7039 
 198.0894 
 195.3311 
 197.9078 
 207.7359 
 205.8182 
 199.289 
 193.846 
 197.4462 
 206.4382 
 216.6508 
 218.4191 
 216.052 
 215.6635 
 219.1223 
 220.4512 
 218.0398 
 216.527 
 220.288 
 223.8981 
 207.6672 
 216.5487 
 220.8932 
 220.7952 
 219.6034 
 209.6398 
 195.0804 
 200.2682 
 196.4629 
 197.0797 
 222.2027 
 225.431 
 212.2701 
 202.7426 
 198.8999 
 208.9696 
 207.7559 
 206.3638 
 206.622 
 203.4198 
 195.7588 
 199.107 
 205.4087 
 197.3762 
 198.151 
 204.8155 
 212.9333 
 218.1208 
 201.8122 
 202.0281 
 207.5363 
 218.5936 
 215.8949 
 205.8267 
 205.9188 
 193.7836 
 198.7134 
 193.7505 
 198.9556 
 212.43 
 220.7164 
 222.5562 
 233.4389 
 239.3643 
 217.5839 
 202.1345 
 201.3538 
 215.559 
 217.4215 
 207.2938 
 207.8078 
 214.7197 
 213.2215 
 218.601 
 221.6721 
 217.9959 
 208.452 
 219.8743 
 234.4104 
 212.7419 
 221.6552 
 217.154 
 203.1618 
 196.9241 
 202.6375 
 211.8797 
 219.7433 
 215.0126 
 197.6382 
 198.5609 
 209.994 
 198.4484 
 191.1209 
 192.6521 
 195.7135 
 196.8002 
 220.3615 
 227.0108 
 238.5 
 243.2068 
 225.0085 
 212.1479 
 221.2585 
 224.5295 
 222.3963 
 222.1808 
 204.2407 
 196.4594 
 219.2146 
 229.6751 
 229.0022 
 230.0065 
 235.2179 
 232.1333 
 226.9959 
 208.1765 
 232.6129 
 254.8949 
 243.8395 
 221.7563 
 207.1321 
 196.6394 
 183.0516 
 183.0269 
 181.8586 
 181.1507 
 210.9211 
 228.9918 
 232.9059 
 221.6976 
 251.2656 
 254.8488 
 249.6419 
 244.5451 
 239.6366 
 235.3056 
 232.5256 
 228.9102 
 224.5684 
 220.1319 
 224.7087 
 210.5327 
 211.5966 
 216.0262 
 228.6186 
 223.7341 
 218.6534 
 221.3351 
 224.0238 
 224.0184 
 222.1339 
 224.7003 
 224.4622 
 226.1236 
 230.7031 
 218.7691 
 255.1174 
 228.7821 
 233.3886 
 231.2681 
 211.1066 
 209.6365 
 216.5623 
 207.1113 
 200.9866 
 202.4787 
 214.6143 
 227.1504 
 233.9095 
 239.1391 
 238.5341 
 217.6694 
 216.2543 
 217.816 
 216.7371 
 205.9444 
 212.3018 
 214.4445 
 205.8959 
 193.9486 
 200.2144 
 221.8422 
 220.4159 
 205.3044 
 211.7191 
 92.76685 
 188.9225 
 205.711 
 233.1683 
 228.6022 
 204.1166 
 195.6646 
 196.3369 
 196.2198 
 192.4347 
 184.4234 
 181.4021 
 181.5091 
 180.3215 
 179.0831 
 179.927 
 181.8871 
 182.0389 
 184.0397 
 185.0728 
 185.1364 
 186.7203 
 187.035 
 183.3355 
 174.5058 
 175.85 
 182.9681 
 185.2164 
 186.6191 
 189.0167 
 188.9839 
 187.7417 
 186.6738 
 186.4581 
 186.0617 
 186.2836 
 187.1316 
 187.192 
 187.8667 
 188.2809 
 187.2378 
 187.9011 
 187.806 
 186.9812 
 183.9746 
 180.0266 
 187.2689 
 197.0484 
 197.3279 
 194.9541 
 198.5839 
 225.6374 
 218.8817 
 215.1904 
 201.1373 
 207.2583 
 230.7341 
 234.3776 
 236.9522 
 224.9881 
 221.2108 
 225.8433 
 219.9792 
 231.851 
 232.3659 
 219.7694 
 235.3247 
 225.8774 
 221.3519 
 220.206 
 220.6089 
 219.366 
 219.0276 
 221.6643 
 217.7922 
 220.3568 
 220.9766 
 214.5451 
 212.2163 
 220.0524 
 236.2149 
 242.2578 
 230.1217 
 226.958 
 232.7979 
 250.8245 
 207.1826 
 197.6103 
 236.086 
 223.4183 
 211.0614 
 229.1823 
 278.8167 
 237.9546 
 236.9531 
 233.755 
 231.6547 
 221.4396 
 226.8218 
 229.0619 
 209.0867 
 193.4339 
 197.9208 
 222.7201 
 234.2566 
 234.8746 
 232.7533 
 232.7773 
 240.5538 
 240.0745 
 241.705 
 236.5282 
 234.8507 
 248.8548 
 260.8702 
 240.0014 
 229.8258 
 225.6832 
 226.9778 
 239.4721 
 235.2928 
 242.9474 
 233.9079 
 225.3563 
 225.6846 
 233.5211 
 241.7489 
 246.1612 
 249.2208 
 237.5203 
 257.5328 
 246.4386 
 244.613 
 239.5073 
 238.1264 
 235.716 
 240.0207 
 231.2998 
 232.019 
 237.3915 
 247.4336 
 249.3858 
 253.2791 
 251.0121 
 246.4095 
 252.1541 
 251.1977 
 235.098 
 225.804 
 249.0851 
 250.0775 
 247.3613 
 246.8183 
 241.3651 
 247.098 
 248.671 
 241.3321 
 233.9039 
 231.7203 
 231.4037 
 230.1001 
 231.6117 
 233.9299 
 240.3907 
 238.7326 
 234.0975 
 230.5253 
 229.8947 
 233.8752 
 232.2823 
 232.9344 
 234.0387 
 234.3557 
 245.3744 
 257.4045 
 235.7177 
 233.0514 
 244.6809 
 245.9088 
 249.9616 
 240.4451 
 231.055 
 237.3657 
 247.6125 
 245.3418 
 235.0432 
 239.0447 
 240.6027 
 226.861 
 242.0945 
 253.6913 
 255.6751 
 240.2872 
 231.5435 
 239.7481 
 237.5794 
 248.0558 
 240.5768 
 220.9807 
 219.9097 
 227.0622 
 232.7344 
 232.9 
 232.8179 
 236.699 
 254.4651 
 268.6052 
 245.8021 
 245.2115 
 246.7345 
 241.4187 
 231.8473 
 242.3925 
 248.5421 
 246.73 
 237.7028 
 239.9227 
 245.7128 
 243.0137 
 229.4614 
 232.121 
 231.3275 
 222.304 
 218.1291 
 224.9543 
 222.9118 
 226.7135 
 232.0777 
 244.1843 
 247.5644 
 241.6513 
 226.8049 
 222.9347 
 231.1031 
 217.136 
 211.6304 
 211.799 
 223.4764 
 236.0358 
 232.6468 
 235.2984 
 230.4799 
 208.9619 
 208.7297 
 244.6956 
 210.7659 
 214.9962 
 272.3626 
 246.6828 
 225.9784 
 230.2275 
 227.1016 
 230.2316 
 227.3353 
 209.9614 
 202.5802 
 234.4804 
 248.2757 
 237.7807 
 201.1207 
 230.6532 
 226.4331 
 219.0077 
 214.5879 
 219.491 
 217.1291 
 206.1619 
 209.362 
 235.3221 
 244.6049 
 248.2175 
 230.3776 
 206.5405 
 210.1639 
 235.5732 
 244.4492 
 243.9174 
 229.3381 
 221.7585 
 214.4695 
 218.5 
 239.5529 
 210.7281 
 218.0434 
 234.6823 
 232.1343 
 220.7881 
 216.6089 
 219.8008 
 224.9306 
 222.1881 
 216.5984 
 219.4421 
 214.3507 
 213.3004 
 217.6306 
 219.8754 
 233.7842 
 259.3068 
 225.6786 
 204.5533 
 216.6862 
 241.3895 
 218.7883 
 210.5919 
 215.2347 
 214.7968 
 216.7434 
 225.7852 
 225.1681 
 219.0959 
 212.3128 
 201.8863 
 191.0394 
 199.9241 
 216.2696 
 216.8201 
 201.7688 
 202.8089 
 203.449 
 201.6624 
 200.5368 
 200.2454 
 198.0319 
 193.1297 
 192.0607 
 192.5915 
 193.207 
 192.6454 
 198.2279 
 196.1924 
 192.0778 
 195.4667 
 203.7328 
 212.8669 
 214.5138 
 200.9374 
 203.7097 
 207.2509 
 197.4244 
 192.3645 
 192.6221 
 190.6883 
 191.3945 
 192.6042 
 192.7192 
 191.7806 
 192.1673 
 190.6229 
 189.2702 
 190.7014 
 191.0897 
 191.4055 
 194.1401 
 193.6149 
 192.688 
 191.7653 
 192.3788 
 193.2407 
 193.1887 
 194.6351 
 194.2699 
 191.1396 
 189.702 
 189.8421 
 192.6872 
 192.2947 
 189.1004 
 191.0198 
 190.9729 
 187.9741 
 187.1113 
 188.8816 
 189.1704 
 189.0969 
 188.8031 
 188.5537 
 188.4344 
 187.8589 
 187.8054 
 187.3168 
 188.0977 
 189.8913 
 189.3835 
 188.3226 
 187.1136 
 186.8674 
 187.4092 
 187.7325 
 187.6804 
 187.7253 
 188.8761 
 189.1697 
 188.4654 
 187.3547 
 187.2368 
 194.9749 
 214.103 
 213.3618 
 211.8196 
 210.9974 
 212.0045 
 213.125 
 211.6705 
 209.895 
 209.2278 
 208.3163 
 209.9485 
 201.5974 
 195.1468 
 201.9539 
 218.5854 
 217.6304 
 221.4977 
 211.57 
 217.7478 
 236.9455 
 235.2836 
 227.9578 
 226.0994 
 226.0267 
 226.808 
 224.4009 
 222.6273 
 223.7537 
 223.3246 
 222.1755 
 236.0266 
 231.9396 
 222.4887 
 225.7099 
 228.4599 
 226.8225 
 230.6785 
 238.2569 
 239.6081 
 242.8184 
 254.7415 
 248.49 
 245.2168 
 251.7955 
 246.9789 
 239.7677 
 278.5133 
 253.197 
 241.7557 
 232.1042 
 230.5927 
 240.5359 
 241.3804 
 238.5425 
 233.0308 
 220.1445 
 208.6698 
 207.0712 
 208.9445 
 210.2326 
 208.7419 
 205.6526 
 202.973 
 202.3412 
 204.1364 
 202.9184 
 197.6496 
 198.7063 
 197.597 
 194.672 
 191.6359 
 191.1413 
 187.4949 
 181.1107 
 178.8765 
 181.0809 
 182.6864 
 183.1297 
 182.8535 
 182.1971 
 181.5519 
 181.5486 
 183.9056 
 186.7903 
 187.4256 
 187.3863 
 187.2515 
 187.0191 
 188.5596 
 193.1158 
 193.0193 
 190.1352 
 203.2629 
 196.9417 
 195.3871 
 200.5547 
 199.2816 
 200.1636 
 198.4353 
 201.7352 
 200.6154 
 195.3599 
 197.7415 
 202.8763 
 203.188 
 199.9408 
 193.5538 
 189.6517 
 191.8565 
 192.8693 
 190.8759 
 186.9973 
 184.8318 
 189.0343 
 192.5803 
 198.1349 
 208.0945 
 204.6862 
 194.359 
 188.0128 
 186.8682 
 185.3451 
 182.8617 
 181.4866 
 181.8943 
 183.8665 
 185.0564 
 186.0582 
 185.0864 
 181.5985 
 178.2714 
 178.6506 
 186.4254 
 192.8025 
 184.149 
 178.5483 
 176.1664 
 174.8114 
 174.7594 
 173.8519 
 174.1101 
 174.8132 
 178.1907 
 180.4223 
 179.3005 
 177.0413 
 175.7254 
 175.3693 
 181.2886 
 192.9915 
 213.685 
 223.1453 
 221.1383 
 216.6136 
 215.6586 
 217.7476 
 228.6811 
 192.7317 
 194.7168 
 191.2824 
 188.9634 
 186.6763 
 188.058 
 187.4712 
 188.0548 
 179.9754 
 176.5942 
 177.4383 
 180.9697 
 186.4147 
 183.0098 
 181.7481 
 186.2699 
 182.592 
 177.5917 
 180.085 
 181.7414 
 179.4928 
 178.7417 
 180.1697 
 177.7735 
 181.1831 
 191.3681 
 197.8858 
 197.026 
 198.1116 
 201.5154 
 206.4605 
 207.7372 
 207.6411 
 206.7257 
 205.2487 
 203.8475 
 202.9297 
 202.9937 
 205.3436 
 206.2447 
 205.4247 
