 649.3         1355.886      2.211197E-03 
 1030          1839.203      6.702031E-04 
 1130          1650.063      1.020865E-03 
 1230          1616.159      1.091395E-03 
 1330          1957.108      5.352932E-04 
 1430          1957.017      5.381666E-04 
 1530          1694.618      9.01875E-04 
 1630          1740.901      8.303325E-04 
 1730          1677.997      9.268126E-04 
 1830          1687.758      9.104924E-04 
 1930          1672.34       9.33409E-04 
 2030          1825.303      7.288568E-04 
 2130          1644.619      9.672795E-04 
 2230          1876.919      6.750711E-04 
 2330          1982.839      5.73985E-04 
 2430          1961.298      5.949248E-04 
 2600          1988.978      5.70305E-04 
