 750           1497.566      2.043616E-03 
 1050          2758.974     -2.303637E-04 
 1150          1692.664      9.345494E-04 
 1250          1745.786      8.450023E-04 
 1350          1906.775      5.996812E-04 
 1450          1932.2        5.675804E-04 
 1550          1714.067      8.712342E-04 
 1650          1654.147      9.663472E-04 
 1750          1664.529      9.472048E-04 
 1850          1765.75       7.999874E-04 
 1950          1810.272      7.463226E-04 
 2050          1898.688      6.471781E-04 
 2150          1679.964      9.159541E-04 
 2250          1807.796      7.508988E-04 
 2350          1967.658      5.880857E-04 
 2450          2026.666      5.38405E-04 
 2600          1999.008      5.619142E-04 
